90827153
89261047
46273159
89617243
72903561
58304796
04396875
49265810
24638059
39218657
59728431
72835914
81396540
58276439
79241563
10983462
46850392
14205973
31298075
71563942
54087213
54730982
19635240
10346598
27403568
16389752
23657914
79480132
82950671
75346918
36074128
76481302
90365142
48617509
95827604
96403581
67201935
05418697
04273851
92043865
36408712
25914873
10874953
85673942
38206154
43150879
21650983
35148029
79612308
63251478
52079148
75308162
46709352
93840712
68049251
41572836
21376950
20349785
39486725
05829614
28349750
71509463
79064152
02748396
84920316
07183429
51372864
41097563
79430158
05761924
85279603
68419530
52684139
82079641
45913206
75809243
64758012
89670354
76025314
06189573
64875231
65273418
45639012
81059324
39865074
39267840
92871035
03785142
18735409
25730198
37916082
18025349
28346597
98754602
58041239
07451829
69705124
42865709
64327891
79805162
04326815
65932084
62190547
90163874
15792638
45690173
97148036
14957320
68043192
80951734
72136945
54916307
57196480
81437096
21597630
31268470
71930865
65127398
12906374
61537098
92380154
90837215
43195860
83971264
16278304
51482069
45970832
98376240
48269715
92135746
10843297
15643982
41630927
69504328
48129350
78012463
81297305
91327048
62380741
01692354
18365204
01395746
75264839
42958103
15236480
86724159
83071269
89027635
45863971
94527306
43581072
19586720
56013429
91028743
62315748
56437928
57263094
51872934
59704631
51620983
13658942
76915824
13629847
85437012
37608519
14783605
07546218
98257031
23594061
08714369
31062789
36571948
01653298
62784193
09823756
38752419
43258079
90376852
78165234
78914530
04539786
45682397
76098345
03758921
34891702
17403962
94215073
52938760
85314762
54297806
64203581
45827906
62057814
13629785
80526479
21894706
62941738
73542986
49853071
81376450
83954207
41286973
94572103
49705361
65123794
09753126
09216458
95012846
68470293
56024731
51649203
41698035
65081974
46927083
20569378
87120496
28493756
07849315
71984620
32481569
37690184
80653914
79025386
27856913
04697538
76219548
30491562
60987351
15702369
92084567
93715048
51086924
67125034
07368415
06587432
37569184
51246308
46095237
94651078
67018429
67495832
09263185
18306259
32074695
41360527
02931845
35046279
81456720
54178963
70348591
79328610
79641053
84056971
32457168
74615930
39746185
68351972
39485270
91072853
62035819
67901345
94875062
14265890
02567149
92174853
02857439
68125407
87534926
84690721
24356719
02189645
85149637
71963508
29641307
65172390
41386527
92346175
32495710
25639148
83640921
83276945
56019483
28031465
02659478
48621790
95132468
54798631
03682479
10945283
53279846
64795128
65810724
89517630
13680542
74582361
68203495
65924380
78916350
69307148
24735819
32564780
47258961
72983560
96470352
96340571
40983265
85749230
05389472
39168072
19542306
29074136
56394871
70143689
38271965
40912867
90538472
25089631
38497216
35407691
65710948
70836491
21957806
31972084
97362841
97158632
86920735
91847603
07482961
36215709
46172305
53264109
95802317
39154720
10638759
07968135
87469132
02571634
92384075
42789360
10367584
45196782
71084963
62847359
13802659
17490356
29158603
28431957
68270549
82137460
17294563
07698432
91053748
80526431
47031896
08534612
86239175
69841273
39508612
34926157
67503492
26103975
60852149
67109382
32154678
28570931
81593467
16804953
34620895
26345817
03512849
20389754
54179638
87253690
01754689
62908754
72386054
42761380
95632710
74280691
23490716
81039562
47832915
41375608
58162937
47532680
18675943
96847315
74613852
96438172
92608173
03685792
61530987
09475638
04163275
32981065
84291065
59738204
38956140
13672584
93172684
85109346
02645319
70516428
70295184
45927613
47936810
94350681
43827690
25790631
56194278
91862053
27504819
85423709
02679538
19782403
47512806
81264793
32596487
87935246
30482197
69521407
60814923
92540176
53601978
71498305
47516809
37945180
98203167
46783025
51846370
03481297
20156473
49362871
16079458
12073986
64598710
91236847
39267158
43291580
93854071
45982371
50317869
60152938
23806457
94128673
60279483
34819706
57016943
07248319
17405839
07368512
73041695
98320175
60845932
50187329
06254783
24671905
07593461
83706524
70412386
17938062
69387452
28605917
52068734
30859274
92645317
28159037
92687054
93147620
80423675
94178523
09143257
67092358
83579241
80531247
82643790
58241307
49580172
83149705
12968035
76309825
39025768
58241907
08145732
30976241
07852491
21894356
85746032
59402783
76498520
92540786
35184902
78362091
12073854
96852701
68501492
92576043
59462738
14509368
87916324
08359416
83290417
85413760
37965104
67120385
93728504
37829410
82951064
47281503
13647892
67203581
37962054
20146597
81425769
04276195
84937106
80431275
19538240
13874295
34016298
68790543
94307625
54961708
49653017
81345706
09314728
25607834
13207485
67409523
89216470
49086352
58269137
08253174
72536908
21748569
20867354
16203845
64359782
49607318
39265807
62794085
05624837
27034695
32950814
27345189
86349027
20594618
56103729
06147953
19024735
20134689
13968052
04835619
75403218
60941327
68921504
57398620
81607523
05321496
21908536
18695023
13260954
56432978
67583219
49378256
93812405
10278964
49526831
09538426
08614352
42093861
13845609
17530294
78590321
84369107
28640791
32587619
38504761
98457206
18357940
83057264
73014965
51039867
27160954
80523169
35614792
32406571
43610298
58619473
85724390
04951623
98672453
23978105
79351640
30417958
70562913
21930754
80265341
70642198
75619280
70846519
83015729
76028145
47609853
76895021
78925013
76819352
37028169
93470268
19640283
36987415
85091742
60213748
82064975
51284063
12746803
93562401
71439028
79416832
86134729
21543968
73018529
59362714
07692814
61932754
92586734
14527083
24069187
52694073
94812560
61054823
28571364
04839517
39752408
81524376
16093457
59728341
09367145
15392748
27693418
90271634
21384907
85347612
69827154
82590361
49317526
58490276
26357198
35480719
35247806
56748902
60753842
83746195
24735981
49251683
53249678
46809315
90561247
14298536
19487623
51267809
50932687
43817290
97241386
20937648
05287361
36427908
28736451
03546789
76104325
97301658
02359846
50213794
43760915
60184293
51364028
26034581
06941823
16327408
17068354
54128796
48193765
24685703
41692503
01697823
56173489
03462879
86507492
91603782
02537168
57324981
08253641
98750426
02593417
35081926
30879564
86349127
35178609
20651974
39268417
83195706
69548013
21935684
95603418
37980562
85302647
30952864
38567109
04153672
60971325
72415693
70986153
62105387
02374961
20971368
41823756
28405971
85270691
85146023
18230956
41380257
08362759
04138569
10489253
86751903
35207896
03254789
42610398
48109632
96045873
73961548
30816259
87514623
86930724
42170583
50632178
05963742
68923714
75980134
79065128
04918357
81736594
27086951
21078946
69130248
89512346
50239861
35672849
20536417
17843952
32591460
84561972
42397106
03641879
89163427
53820419
95720641
25309681
14732805
79528401
96028547
75813694
02316845
19687043
97452861
93127680
12594873
67412305
17358942
91725630
80467215
39250147
83294067
06573928
08956147
89351024
78904352
23475608
06483721
27134956
52167893
54172638
67189543
01689527
30457182
39528407
36570428
86730291
78159634
48693027
68197305
13904287
75319284
26571894
85236094
97305128
87296450
51237406
59648207
34806275
59428013
15068372
45803716
52469083
27056318
74523096
78569413
13625847
98532640
96128537
98520431
70648251
54269017
95810632
48672105
29105846
15738462
85413290
85764029
31426579
80194273
72154069
06493175
08936125
13789254
24017593
46219038
93820417
23745809
34215970
51376028
02536917
02819657
31768209
67859340
79628451
86942307
14925637
54860217
31249706
27390146
26941375
51470986
81265437
81524967
86724513
81064523
61235094
81520974
30782516
72614903
57962843
54736908
14239860
78903652
76354218
02134985
51934028
54270196
83652170
18062397
53894172
49320861
48615203
78630514
90341726
26734805
78156924
31457298
27940358
56073298
07915426
03427681
40517839
32014786
38057649
31804962
76518493
54309261
61598473
38729154
35126908
56041928
67340915
24807136
62307985
41675982
15678094
21067893
25603479
17423506
89527014
18260543
16247398
08679453
95732461
08392176
98641752
70196528
46719832
39675241
46135780
48521390
60842359
96185430
16209578
25367084
01459726
15048723
48710529
19275846
63578024
62548793
36097158
83914657
27018634
09238547
76913205
36179482
93780451
19074523
74136580
76192384
46802731
24807965
29417850
24073589
21840759
32590168
86042751
57320869
28094751
21084369
25318476
68279051
59710483
37815094
85061349
51427368
64153290
81653247
02865314
16095783
74589013
09874326
40837562
34710529
68402193
09624357
13809742
19348607
42863109
37580491
15426083
07528941
92673145
79513620
93014578
85790163
21945673
20546391
02673849
09842613
48692071
86972451
37859124
80396725
78061952
76195230
13429067
56708124
81239540
20687193
61892307
45298136
84197035
61598427
09513486
09582714
72496138
67890435
45981702
85274169
42356709
04973615
27491063
96271034
43602789
01284653
81264579
54837920
78036425
39014578
61592073
61572493
59864301
82043176
15492367
87540192
47580231
37841062
48075369
42596703
82714603
42359168
93205618
93607814
52903187
37694815
51340826
17463892
73965084
35710689
13280497
61794258
78402369
28791364
17083946
75840129
75961348
61498307
90215637
64130798
41509637
09352641
56803974
78240531
53260487
68279350
76093521
47081925
52983716
09146857
13574680
54806217
38195274
69408573
13750268
74953206
29408357
04713562
37048612
54629103
38402965
32457091
70643859
06543819
48159236
81370654
20519487
61579243
10736492
94580127
73615409
79158364
53064812
64125308
91762458
92568743
24063198
70245983
69023854
84507316
70349816
78315642
81059263
91350687
10452796
21398650
56970482
04251879
71094286
74305218
54617802
36127495
89735042
37801649
74930286
20839174
30968217
67245813
46708352
63794281
69401528
02657138
43967105
48157063
08271695
73529168
28017346
58720643
59160843
17938604
65418072
13527064
64193280
17480365
42176958
51672430
73149620
38496572
42086759
64035829
56307249
93728510
10983246
42576910
35671804
36182470
37840165
31502794
31706952
71649835
50261734
64019257
19738246
13698254
63209187
59386214
80364592
38469157
70136248
08653192
84637015
26538194
89314756
17409836
06781924
94263785
58923640
83270465
95160847
15604972
20975486
27613054
90781234
56901742
08534712
78943126
51603824
04138627
37189250
85260179
37029814
45910783
51486392
60895247
29471685
40689317
35618702
73189456
34081967
73492508
65210784
89362014
52764031
76385140
31476928
86504319
75963428
60457298
46857190
38951760
98231504
04589317
02614397
21856390
43517962
21973856
73958401
13256708
60398724
92348601
67503192
24076953
26409813
04591623
08329651
87429056
79614253
26580479
72041539
41836759
32607918
10925768
23958760
15687340
64513907
45637109
96148753
01897534
87461395
15243967
79803146
82369150
65492173
16308742
96870435
96487523
27530196
94108267
28410579
97285146
52084173
95408621
38675942
19364780
08175493
14803692
89130426
56834792
71983026
17532648
49608712
51730286
60254381
28015379
01453967
34250718
92851736
70458916
70281569
62809514
72846510
93810276
32186450
42038516
12306795
50726913
50432197
03458172
56487091
92761485
80934251
38596027
82370596
54189702
03249685
15708623
93401752
58296743
25863410
35826079
25960314
43759680
27054813
49012673
82701946
23874095
19648032
39607514
56013872
82954376
61075934
14768920
68203759
85104697
78495063
68471023
63549812
65743821
97823410
46052813
69370254
40671832
59416082
87230569
90548716
09843167
50296741
08324716
69158427
82316947
19478536
67209438
17492083
23970451
53487192
56490832
43628709
59270468
91720463
48139270
30795816
24798165
97461852
21789536
52140986
65402173
38614790
40621839
38967401
98341750
97146830
12456038
82715690
15024876
36407158
03852794
27941680
27905136
46790231
42810975
94052738
61089325
15360874
40795823
21964578
04983752
76380915
21945876
34520976
31786925
38267495
57641309
91432856
05724316
86430257
46970815
50143976
56921734
49810236
72153948
90218746
24159386
65809317
47296301
32807651
36947820
45368192
17582643
82351490
65941078
23687159
18526407
05369814
34619085
72931860
17032846
03682159
57213840
75832619
48539016
31982407
42907385
01754968
24075938
08467913
43758012
10793654
25184790
39624875
20871946
91874635
25861479
31256809
69085741
80142675
26309871
59380712
47201593
07653419
08135749
82416037
39617840
80417692
53416928
65839742
62435190
53418096
27198654
91342650
61079823
78452036
42759368
18563274
30645918
36721495
29304517
48723510
36812974
52380197
59761324
54718632
04652738
41508362
59340172
41975206
41529637
83245179
25049136
90528476
43285601
73218965
17682495
05874231
10892347
14076358
24359760
05869327
60815749
79063154
29083145
48173069
98532760
64279150
36819420
72614509
15672938
35406871
87013956
67320185
86152937
84695712
90528437
89251360
50231689
61497308
36457280
36057914
84619502
04836271
85297043
27304591
64238015
78309126
61538407
29401876
90147682
07254139
02491783
96085421
82537904
21403795
25084639
96810542
85104937
58941706
57821049
39508624
90412375
75832064
81023567
69154083
54263089
61372048
20397185
63907514
53920648
19832704
93147680
07524389
60871352
15829403
29845361
48067239
24835671
39856041
28760314
78412690
51820693
08417952
49073125
37958604
93716408
83974601
67210894
34568701
56432019
79042653
76914203
35249167
25483019
97586240
80596147
64523018
71492586
85076924
95186730
73190258
38975120
75862903
56093824
60843175
47096382
98745203
53016782
69321754
34281609
36941275
56834021
36910284
93645218
69274015
80437592
86412957
50943871
54670139
73052419
62849130
52864079
06483917
18576923
73691502
18435697
86527493
06897321
72054693
56903871
97051234
19045736
68532901
58927014
16893274
79861450
54869071
07358962
46318275
96412738
08326457
61720345
06459287
21870395
21958674
84695723
87013596
67402135
61942780
74329106
67125498
67302581
08743215
15349206
30746158
86724109
73084625
51697403
20614389
25931407
94086325
03589247
40578612
65173894
63579142
29637851
70531689
25673481
31269805
42093617
60248137
74521609
52138097
40569783
26703915
57261943
63278140
89023756
60985217
30578264
81927360
68904315
21097638
47931258
43109726
65204381
13574089
02146597
95734601
92437815
48301792
07345162
14867905
59104783
18693705
82314506
13075682
84061793
63289054
07142368
20936581
56927380
18236054
47185369
20417968
56310294
84935261
71893045
94672051
89524137
24389501
58921643
62795384
13980257
04391726
35608714
78469501
90217534
53702419
50142637
43658217
64721359
82057613
46052781
93546287
90475863
27014583
27658140
31540698
17852640
19608473
02765138
34097618
94370158
98461573
63740859
86053421
09378624
45209731
39257016
91025364
60941257
31576089
05382741
75291486
62059137
38971504
87450293
50369427
12358076
51738402
05837924
26914735
15602483
49231780
02835197
65802917
47095628
94068753
76914850
38417625
54926018
93781026
06521379
89562431
95378162
02758634
35687024
36759241
04582937
98042735
90123875
43290567
31094876
56894123
03625479
35607419
36790541
69721435
36418057
79456130
01243987
74825193
12854376
01369578
47625109
01648953
72905438
15640379
07321685
06429137
04857263
13867045
86392714
63590784
89406723
59013642
25031748
58364019
47932510
91732056
51238674
72045913
98213604
98157302
65014327
62173584
47250169
61473582
63582479
32954087
70521683
08632597
85104792
02984163
32714986
68319450
34528719
24137609
40138769
62589413
34980175
39846512
84029736
95176043
70346289
02853164
54987160
78054391
41359260
95736810
94617305
20714583
43981602
05243917
25491803
78312605
70821365
01364259
05796284
68345791
72056143
84913027
27896014
04936852
48257963
57914038
25683791
42315967
87612539
96320845
48935270
72813504
76150324
93462185
58207346
64387092
30195628
70635491
93674512
58301769
98630125
25174069
71824306
83275910
20698314
15864207
41692875
25136840
29361087
04812597
17842609
29567410
39876051
40526739
80973164
50419763
92463805
29760845
84273905
68173594
45702386
61390728
19658324
58013762
54026189
28513709
27401583
59713460
57924806
64198305
41603597
87640523
64285709
53068794
08162974
85973264
67930428
92086731
23648710
13067245
75632019
13468209
79850316
60784532
29035687
78654213
57036891
74158629
56387142
82497531
36041587
18573629
41932567
41365270
85076342
13849675
16372549
21590638
92604185
02453698
41608973
28106597
09673248
94702136
62017849
79061234
90638174
12769054
03592681
16378509
34150728
48957206
17324680
78614592
03785246
82340916
95023814
75986302
30719586
13428790
49576183
09536482
39058261
49253876
51649782
01365984
63579041
23705149
87564130
71604283
09257634
18069253
59620183
80391647
31542697
02536419
75890423
42850169
95630718
67915803
30615972
95201673
79453280
27318054
34152890
25137406
51293780
57483619
37102459
65021893
01298643
63980215
12359086
85932107
69508431
46510938
15203876
18264057
29650714
61293854
42167935
38496752
25170486
86074521
84527609
05213869
64052739
13067284
80672459
08265174
23507968
64092173
06583297
70352689
68201795
43692817
90427135
02315476
92463107
97482561
45360782
98210674
37608492
18093745
84250693
34576208
53849210
54132896
96512307
81470592
21057634
54192873
56029173
83976451
67351948
32416859
86592147
57408162
40195837
76240538
38514206
47256081
85160732
86347529
09851476
15680493
31697254
05867439
61490852
23719854
25796430
25037948
83146702
26718043
15093276
36701825
39751820
32867901
87625194
09516728
65304289
63248150
09346752
35698042
64907583
85402961
35481726
95430128
71859463
29546081
52907634
65307841
45627098
01728596
32709645
97861045
84561273
40162937
58143629
43851609
69784250
14583706
26509371
04861235
70915862
61509438
76192085
47823056
95387106
12387450
42371965
43872061
20839516
01697428
10938742
74265890
80214763
20415386
03981645
58439167
64351790
41758630
61084593
93714580
57423968
71246903
23048615
15639270
49157806
52768134
82613749
12670938
89467230
85697302
37896152
83752019
96402578
59782634
26035917
86754390
69801752
24678350
56740923
23195084
10547268
26194783
91578320
41853907
70859134
43271068
94731205
40719362
18035926
85107462
70154896
05294138
48130756
46872019
17430569
10647825
28306714
54126037
79108346
57231096
68240759
17630289
37962418
48562193
73541068
80516247
94825067
51327048
36178529
64287310
53962078
93087541
27314059
36748290
07234815
53278940
31874905
21597083
47893516
89174023
56483209
59307812
26980357
25473690
48260157
64139257
71956380
58491360
54960728
49157236
27843569
92367018
98351067
50619784
37496051
97621384
59062871
87214509
58392140
37865129
95280176
16087423
90386247
86592043
78304916
63798120
26183457
08243517
86029471
04986213
21639570
46705931
17358604
37580946
53862709
18407265
63891204
10734659
89651372
31692405
60589123
95370214
54217860
05786934
50967283
52104793
20459681
85943027
08513942
80514723
20145789
63891725
07692418
46927058
30947162
56149702
20896145
12745089
45213907
60817923
81036795
52310864
14260795
78956024
95068241
23658901
92516083
93705412
09513687
64210839
06798435
13962048
76012895
14890632
36174952
21378495
64357102
80467951
45738021
13890574
38519064
37469821
50137829
76259014
73862401
71420368
19426507
17850423
92843651
59263748
30749821
58726904
87532941
81564937
76312954
08791523
84206751
04836192
76539412
86241305
04981237
29360548
13879054
60582319
52041386
41035798
56240197
01723648
83502176
70258941
61754908
81642973
97832406
02985376
02634179
92367145
47589023
09826147
82471396
75431286
76419253
23490681
60598214
69358472
68457031
90168574
49672308
42381965
17390645
52179038
32986740
14678059
62974513
05243917
71432860
91842376
31402596
85217904
63809524
26973081
43821906
30852974
74619580
92814036
50874692
16357049
37902651
18543092
06792381
26514930
31785402
78160293
57384601
75802316
16024587
10246378
17605489
02387659
58230761
06134289
29647805
12470536
89502764
71358942
81706254
28463519
09438765
42596710
60584213
67945830
05938472
84126537
64827953
76053219
23689750
08243597
86413027
09348256
23798106
52413680
03197526
62347158
31406872
32041586
52847936
90418257
07964235
03286917
64275391
49132765
94061532
40192738
34126759
87561430
45328017
64397210
70916243
34627581
86071253
67549283
04523168
13609284
21349850
07184569
41290783
16942730
36710589
43861509
21836047
47359012
34801972
85917432
03467982
03647982
14573062
38560219
96437215
87426519
98317046
14769352
83254671
24905638
97152340
25960318
59386124
53467082
16427039
72549381
65821730
81745096
85329601
31726905
73280964
91850732
72641908
52476810
73912584
73825169
92685403
51467389
09875162
90485217
49157263
08312579
32076954
03652784
82340176
04965273
15734260
37205689
89130254
47628519
34195628
40358167
20936547
40372516
97146208
52403798
20486735
20753649
79680315
87395614
68945207
13049526
56912843
16235409
62795481
53146729
59273014
39714250
53480972
69543701
81793246
28654037
78951632
46719238
38460192
60913752
38765041
25893614
46805739
63194728
57618049
50692374
39082456
50429673
62941530
72563409
41279360
73025618
28563491
97815430
05461978
90527681
94507318
27936801
68291047
91257604
39105467
30956284
08172369
43597026
65871304
48793502
03654912
25081634
56914372
68907354
15632409
94068157
90356728
05347296
23681794
25314860
34756128
05348261
61380925
75014928
85209347
07918465
71936528
39625480
45263071
78506431
08274351
30825146
62981405
42763918
42810735
27459638
09651732
60983572
16358079
80374956
54190286
68491230
06547218
29064137
31962485
50274169
21387495
09542637
04532861
80372516
36248701
51273489
27913046
52034917
46291387
52804367
52047163
63087425
12794038
98450723
12057683
21348507
93462580
14289503
09623814
34259176
83506724
64251807
69028157
01576482
07315296
81924750
94267508
85621409
93124058
35627408
12584370
40638157
76193805
10489657
60793284
17852463
98460751
20935746
85273416
91426803
28513796
98265307
37850619
16952743
48697512
39721860
14897302
34209571
56937184
65341279
21795083
07613852
84026953
06832594
67301529
08291673
75804132
30842516
92014763
90516734
74953120
81943265
23517648
91740362
53412098
01274835
74863095
24086157
96842713
73602984
67854921
60972518
92653487
45931872
73659142
04129863
76425801
61859240
59301682
35978601
21863574
87943160
47682053
14658937
19203876
81240697
69073812
24861973
93617450
17285946
20357416
23769450
86325104
31798652
94310628
23189567
47932586
96074538
59617834
71398624
63514790
24051679
34927615
09746283
19078632
34591780
67815029
25014638
71096245
29385706
62837950
64590132
64931825
47312986
65719428
37812540
59418702
14509278
01374698
27650814
78694513
34058972
73820456
50214679
46318720
35710946
97364105
21386495
90512638
04856932
72506981
27385194
36850972
03184526
85067219
59371620
28943710
95864301
02163589
70824519
50793426
98016254
75169238
93487156
23759416
65071932
08467913
02463985
04875321
28570149
02956781
71649053
06314279
46029173
90815473
87523960
62518740
28463190
71405986
37689025
65019384
37208651
17432960
32840597
42536879
79468231
46390175
98103752
28069134
14307258
19024638
50184967
58340172
68140397
98506742
46750281
23408915
13972605
21437895
15207394
45178960
34159278
09462153
95873640
16250793
86215093
37496815
79210348
26038941
65907241
82395670
79216430
65081924
21509483
97568234
72593460
79081253
03812574
46259738
95832610
93016427
58107926
61830794
87364902
49710623
71964805
42653891
43285610
15620943
64072538
67592804
19726453
40329518
65048319
37901285
93862054
19062834
54982136
73156204
83147025
25409387
45860329
71296845
24308751
12653780
43716895
06521839
80496215
75241096
09781354
15074836
41623809
97253486
60759128
81473562
63827415
15608792
35726140
34509817
09584216
47689351
67103485
98243067
86701492
51869207
12974605
18630279
84756302
89135062
08735296
49258670
80975436
80936524
95871362
34726958
31958206
60824175
34506872
16045387
75820149
48671509
30598724
16380527
07385249
21684590
17426803
56482019
29138647
80265317
06214953
30186259
36278415
90716548
24516738
98437516
91875604
30751948
12609483
25106947
49503621
84937162
16479523
05467192
29846503
63827405
90317854
75214869
81435026
12068597
07416893
71968524
93148267
98546127
49623507
92317460
28906173
46831597
48531067
17890253
27846915
40793261
65408732
38590124
29806573
85761043
84603759
56147320
80196354
49813576
03127864
19672305
64957302
36978152
32564709
32598614
09487513
17843520
61725094
21049763
82790156
73095162
49738152
25079861
49062135
09381467
54923168
35702864
04592176
19632508
68507134
61280437
43978605
82461793
74029538
80712536
69318745
28573106
32105984
25347681
67810529
02147968
58907263
12503964
12685937
36829715
25317694
70349586
74058391
71936428
80237614
95180672
96578034
46895270
19720354
75328419
19678403
18379462
41385760
89057341
41235768
17463295
63284195
29187034
63805241
59807641
10563874
87462930
62379150
52690148
23879146
65847032
84102639
57104982
91265703
47085293
80456372
20937814
19235087
56107483
87364520
21586439
31645870
93758260
05791384
91270358
86245971
85027469
38206547
12698475
76830142
45231806
64810925
85132409
52471069
31092457
03527618
95647208
74593612
53296071
35420718
01695432
85062391
50317962
65874903
08765419
54862013
96580137
81304529
50324986
96075384
92367815
39475861
30194527
80693517
07583264
76302491
34756091
36247091
36524807
95017432
45360129
87613495
29054873
53821906
68013297
59726301
49162735
19870265
38759241
84361920
10496573
18735046
38297401
24015968
17546832
45983621
58643701
69857341
46902731
72501948
87942305
53906284
95842076
40978125
98307512
04967815
13596240
16597082
15680423
42960785
71394820
71450398
82430957
10892354
08574219
14502398
60527398
38641970
86509412
08917342
03849256
68351047
49073581
35206871
85971206
53608294
17830245
64805791
67305819
59842036
61579324
71654032
01498732
15049726
90145863
70612594
19405863
08927651
93706124
70162395
37210694
02347816
34651820
02467931
20795318
56249371
31785620
39048526
97638512
57086213
32619048
05641938
41978523
54027139
58120637
30845279
63751890
13564089
49207368
32407569
35680217
69832054
42091785
97240583
74316502
15724096
27914360
09675413
27035196
35729814
95278406
59418327
78094156
12564803
58027194
48239716
98270316
25783146
91356874
98061534
19042376
10946758
03218567
18307269
26147539
72836910
23094768
19520784
83649071
25693748
90813756
98014673
08537269
74312059
02586147
45279160
68357042
97421836
38596127
87024396
93647821
64853270
61078453
62031597
78320159
49826317
54170396
40926583
81035749
12458307
57082469
17802395
45209613
51987243
81069457
98470256
57418609
06142985
52186734
60417239
04617958
50174326
30429185
17639528
65792348
29061375
94571032
60342571
54360298
19528074
50249687
95314672
51903782
25960374
27869130
36781429
21674035
07943518
94583670
20875463
28064519
82501439
27596413
39108467
45096213
92460853
75269804
78425103
73968145
24301689
35869702
09712685
35624708
50264378
65749028
65781309
86370219
10852763
74205691
53987016
82951670
14289763
03476295
14982307
04629571
10749268
29317865
62089513
90863725
51287460
69208157
48503621
51840729
46210375
90632718
65410378
47809251
20698714
31748925
24197536
14927658
49376580
67912450
36947512
75826401
93425081
70856143
86173204
05124693
04872531
30915847
14902536
70325694
32769085
96572410
60713852
89065321
41865209
84502917
41728306
40359618
87619453
65078234
82976543
71645803
89753214
57824013
70459382
67208459
36970124
69073548
27034915
84260379
50891467
17486209
46812907
14387695
89016352
51302489
78409261
13954706
39876150
42065783
76503291
49526318
83614095
74695831
85901463
59346782
40719283
42839756
39076452
63521870
75836021
76390285
76938521
76952410
01763258
72814035
49238765
85723690
37952641
17209483
18409752
98472051
14329768
24690738
32176085
21039546
52963780
72548319
40156723
53204961
75926480
25691048
09745286
46517392
48715690
57068912
91428765
95013684
09621873
86015743
05816243
17692045
73298516
09173285
20469578
75021438
50196824
57421038
37198602
12875903
53670182
63825419
06185249
71598406
32840195
70153249
01842537
49320658
28547130
92748653
26403187
50476821
65194870
43062751
27061589
64379815
16824537
78516293
06189574
81637209
79850123
43601592
58047329
50764382
93024687
97058236
72456089
82103496
43896510
48792153
61348250
71529308
89534621
39264510
69750431
79835604
37412956
90436851
56270398
58960217
57039216
21379684
72946513
96820517
27045918
81576423
31694780
23917465
26713590
54036129
73462891
31489062
70835962
47603952
16270938
48160273
51462380
59146370
73906125
10837254
90384756
68239504
01748395
42170386
64327985
87142905
32605719
15384209
50643721
96253470
69470158
87216345
07286491
57312908
83127054
73582910
85932076
73485201
57310964
57906821
20154796
10973658
06492537
42860759
75280431
50261837
89746521
37459206
75612834
10352864
39621580
04562179
02713684
48623190
68019324
48073562
51478623
50289631
94731860
82709351
97321860
72453061
71924586
57143806
94125738
38741526
21965473
87362514
47860319
24950863
54970816
24507389
14623879
10276495
89173056
69320814
85937604
23098417
74298015
42365978
68514379
30578492
01435287
64185723
06947385
82315760
46281709
76281034
83465910
04512683
90675384
06387524
03217589
18649035
49320567
24039617
02839574
28067531
54831627
85916427
29846507
40619758
76354208
49850613
49058316
86012953
20695314
93041687
04128563
10689243
64258791
61532970
01294865
59478603
61453782
76834952
42063159
78960314
32184650
96381507
90562143
51734829
51492376
63189702
41892750
62519087
04167895
54391087
71328054
34986571
51374902
02861347
73184092
94863501
96584173
09567412
36517890
04925713
08791264
75423980
81526379
28730149
92173850
32764519
38120547
86405279
71863954
41035679
90215643
47908516
29657043
16925073
25708963
03486172
60523749
39102658
96870245
05237698
65230894
93826074
28579301
52634981
52879613
65238074
20961478
32089461
65431790
62391847
31875920
95864173
41037956
93860521
03517849
02765481
43019857
36291807
81529036
29467503
51324806
39084526
10589276
75801634
76185209
37418260
01328459
52769018
86243175
48067532
48036759
94068152
17358904
03247958
61524703
46172530
28579134
32470569
79426108
70182945
73894261
10729683
36041287
69870425
19802647
82539410
49807623
98506271
87610932
15284730
92871340
47019532
01893567
30689524
32509178
74806512
67024195
23960857
27853164
70859623
75962301
16392584
84053721
38701625
45198362
67519034
51823469
17940853
18690352
16034259
78064513
97628531
19045382
36507291
07256198
98542617
12946370
49081567
62109743
58426170
58740326
28310695
54182970
37406182
37064851
20176489
45879210
78159360
70421865
69324081
70926183
54908162
84032957
84019572
06184327
60431527
20394817
64723801
58974612
27960135
50128794
93604251
61250749
48579312
45769208
10452986
81260597
34598017
36425098
74809321
62035947
94573602
79201864
09347562
90561248
87691045
68190243
92134756
71934586
25081947
72160458
93740581
34291605
29463870
75821034
01368254
48529063
72485109
81706354
76490523
58710936
71305946
79025384
49308761
25384601
87564130
03649812
04318279
12753689
40328617
41236795
71654023
92015476
90685213
89751420
80794513
25709341
64973528
56174039
26539071
26903745
32098475
46758021
82506713
78614923
85406317
53761829
63248901
61243759
19253874
52913874
64308127
75826940
43085721
71803694
27531098
18796340
56912408
64358279
42193857
51760382
20395748
81032546
54062879
10352647
54321796
89560124
17934852
03214679
86174029
85024716
67842509
18670352
75680192
52317609
94830751
09762345
15942687
38621507
29184673
36975182
28147530
06498315
97432586
10568934
68231479
17243506
17560483
47135890
94572680
14763892
17482065
09721453
18653904
27415809
57618230
37619058
60847135
87021649
17029658
18639045
86195273
90381647
08694123
02937164
91870263
78401629
06253149
64782905
81729304
49612357
72635849
98326714
63702148
83159064
13804679
73480196
25179603
51639204
62859130
90412685
96357408
06254379
82190763
24510986
19402536
70912635
86901574
46179528
17394508
07586493
57231940
28156497
42517368
34015876
08975142
13025687
21365790
09453762
87459026
74615082
86970453
97162430
49350621
04756129
42738159
26590413
91847063
48137902
70248351
05174932
89305127
31574829
71420368
41586329
17065482
95830671
71432859
18359674
38520476
82590341
80564973
01327954
85174960
09327564
95738026
04152386
34150796
57418092
67405298
60234719
09672548
18352960
69182057
71563092
26493570
67305412
34527016
79318420
57812634
07813524
06952743
81029345
73964581
74358016
36521948
93067842
94537821
42879630
39082571
02958134
24389567
54703126
36920451
59641208
17496325
51647283
40631278
53482160
70312459
36240185
21835047
78904531
98701245
51620473
98137625
16932470
49085263
80915437
36975218
86015739
25806947
02645897
03174526
78124539
95218406
46298170
40926835
85431260
62459073
23568749
42905317
27503916
10723596
87516294
18029345
05823691
45607193
31805426
06459218
61375480
17653094
27648910
48273619
97460235
85920463
90576431
78659402
02846539
61097845
42865371
93421706
95623017
78059613
93421867
95482017
04679135
85076941
94125806
50214693
05137698
61753094
39172608
59482730
54780361
70924163
21567834
76042935
28035149
83926107
79463015
98107356
87693410
59123680
38267059
73498052
78209361
52403176
71294035
29741358
15267304
57389240
19840253
89165270
35249670
47512369
30618249
56180943
85426731
32014976
12609354
62105974
83620574
65907812
32178605
39572168
37096154
76841320
43679051
86174590
70165923
67319852
62890534
37580264
87012346
19843276
86240759
65734180
87403169
61854729
32514876
98642310
46918527
13482507
49810562
68547120
07465318
85792603
48562793
25671439
69315480
52068943
93704528
98620345
30896712
73864219
07563429
26340195
24706359
37160458
46182075
26058479
34890516
95482067
53761820
89627304
80315746
82534071
90726348
08425976
13869740
63189254
39240851
16473592
32054168
28960174
83901247
03129786
71034862
74065319
04853197
07583412
43872561
71352648
74829035
48067395
42910685
61593824
42593187
80456719
79142538
32154760
35691820
80692135
06827493
98310425
73190482
03846297
91307426
35174629
60147539
24950761
47612593
58694703
53082947
24569780
54791036
07893614
38209561
46387902
96084375
02549673
54093278
02463895
52830164
42805193
60354719
31845679
94362075
70529416
89741235
98651073
50471923
35072918
84536971
53904768
32896451
94852607
80617432
21870564
04135627
74265930
25361947
56123807
39685024
74612085
74182695
42586307
91476028
69521408
23170659
04128579
30564819
28930175
28319506
91570432
08539247
68957231
10547296
76859340
85137946
03591764
91538270
84579130
98615724
67310598
96340257
60947158
54132076
97658432
56270134
45837201
15420739
36245890
80431795
69134520
83074629
58634129
48325160
89734105
35072846
54079281
03219856
41536809
19670582
81304256
92478631
41702895
59083216
47310562
71428530
93785426
15286704
39408125
63185427
19763048
74983165
80423796
91067342
73514098
56340178
49657081
93587120
74351206
18059736
73495681
19283075
06134275
07914653
96273051
65928370
42036789
79685014
62490857
16597342
57846913
98071624
16095342
91820563
20943586
03269784
53196472
25649738
05894726
10546928
92374508
67358940
32867945
26019573
93850427
79621835
57234016
65708312
43576189
92574310
45367219
79012536
80431752
59621738
94173056
59670382
86729501
61073948
25031764
64027389
84513279
21904763
32450761
36597140
25068937
27103594
48512907
45918027
41305268
85043691
45716280
53896217
08143276
35860217
38145720
32541097
61527934
87650943
20915478
52319786
51487603
21984305
90374258
47593210
71302598
74815690
08459617
02675839
92105378
14653870
37892541
86724019
07861542
60593241
38674291
30817954
48693102
64302789
59062743
20745396
10247569
71245069
34860579
82609571
24750389
81574623
61429083
17054932
08431675
57962403
65814029
71526034
91278405
51063874
15726409
21748639
21865739
96158734
80216735
98351207
64578239
78634109
42160389
61805397
78960134
61958403
67483091
78152403
65028197
76421385
73024516
15370896
97512683
08935617
64078539
45826017
48561329
07584632
96814325
45826370
84263195
09862457
96210435
83651074
48173596
05648379
86395421
26945813
80743159
35680947
28371594
78654291
63289514
34802951
78213540
65401289
27098614
72196804
86239457
58024163
92506174
01953746
27540318
69347510
37918054
13496527
80643195
40175923
60953724
93865210
25719436
59280136
95678021
62087945
32016547
04387169
02951387
35016879
94285301
45397012
67438150
14763209
14635829
47952018
30581764
76489105
62759403
87063245
06429857
85704231
61794285
20573164
02879631
08937521
35281064
30246875
05396741
87913604
32076541
10387429
18452670
79823560
50172963
98147625
10873249
12870346
50917486
53148726
96203741
54138027
63584029
25130867
70634289
97148026
10748926
53620174
01457683
27349186
47650319
87592043
52360498
46019753
59147630
26348509
65280174
45908236
42718569
13526708
83401527
92468301
52847196
74052816
49152368
07214935
08395274
02843765
83594071
04693758
56170392
67503284
45397128
24381965
42679315
07319658
17894653
63872149
40158693
98745231
90471852
91467085
47536201
84671320
56240983
75619820
58143920
23564019
42103578
89034651
28457610
48269730
49753208
50718639
04769328
56971420
12469735
87120465
15867930
47305862
41960735
54078269
42871960
52831064
25013489
54078396
74018952
94873025
73510249
76431205
73609814
16092574
14953602
37820415
18769453
68753129
01457698
64370529
86154709
41327856
21953067
64903572
58670342
91842306
59268041
12769048
81702654
10784652
10938547
46538109
86173095
45028639
84579216
59274013
34025896
40897561
75091483
92146038
46208153
58701429
87594603
81690352
97510236
98314256
24718609
78301956
63807295
78269315
68745321
58726930
70286453
59312074
02419536
52071436
03127895
53629140
64821509
20315794
29154708
31795462
16058293
81543762
73064812
06185239
74953106
65097342
49385012
83059624
81932706
84091362
97345602
59802314
32619745
75890236
87169230
56489710
13624507
70382941
80617592
43109756
52184693
90863715
28653749
54831726
25768901
05972813
32018679
07486352
86543091
56247891
51369874
85163947
98423567
78415692
67308294
67294835
34791085
63041728
42906718
56389271
86947532
34951260
24615970
13760849
73246015
84962731
25768130
28643795
40836597
47162390
97018524
78340569
95476231
21796345
75412860
72518903
29348517
80734652
19647832
43587126
56279014
75914326
21730849
80641937
71682093
27813069
36189524
74263950
60987321
78165329
71325084
94501687
41637892
42695017
98516307
28697013
87641295
25061483
92763084
27195640
89507416
97142568
62094351
15690278
34582097
03981475
13742605
09861573
08174695
81023695
50143962
30726194
97284053
97450386
87960135
10493876
16794382
19204738
40321967
76820591
32017456
35498270
97306152
14780693
92083461
79206543
51908364
34601285
71605239
57349128
89607142
06491382
27819403
93568701
58402971
70629541
54683702
70521968
40358197
65781942
34210685
16893207
91067425
91326847
52713480
95746810
08543612
83602794
29058143
41398602
58604731
85710492
07531264
83590267
92635017
16475839
02149765
81532074
64871902
67250491
09258463
40915238
15473286
08417923
13986207
73548261
30654817
60128973
30817295
39147208
49237508
41250968
72634158
36542089
48071263
03712645
97108453
69423158
35974180
83691725
05732689
18725934
64329178
97203458
76123589
82719635
25869307
47568129
15489372
82391754
74312650
49728165
75180934
90184367
27130654
47168029
01347629
16495780
69813720
82590631
18952407
76432591
09475631
27468195
06591832
35846701
75630149
01854937
69158734
76890312
79480351
51907864
27901345
90847613
83491270
36214057
03948621
40527831
45680917
26491830
01375684
65029184
23764518
94312705
96170284
03498712
41508723
08742369
82734016
43590812
97842056
15847639
10759364
15403728
18263509
09421536
65240987
16507293
04368917
34879256
80596231
56908374
38910467
60372891
08172456
58927403
54308692
86273014
02983751
58209743
90734156
32781506
20947165
89057412
52639108
24107369
59204316
35249168
40739856
92607451
73829105
02749683
68524137
78634190
32918745
52497168
47569201
51274836
50168492
62891035
13967580
96124805
74152096
78196304
59710836
03725164
08634219
57630921
19843567
61394802
79382401
71625309
25674038
09714623
17506389
91204768
29014538
74089352
04319726
29874165
87652304
93415860
61240789
01672584
92034586
63279810
37042918
70614385
50693871
63718052
23409865
74691380
09612874
07254361
61598074
78305642
40216589
74518269
38279451
96285071
78360914
82694705
40517382
67380214
47128306
23158947
75623891
04378621
67183029
28630971
35940781
18236705
31452986
80526741
06754819
78219504
24589601
46137985
04635197
58230461
67458201
78632915
79305482
89260415
94803512
76948035
07519326
26851973
21683490
38490256
14907825
87942053
79208154
67280594
73154906
70826394
40872596
13468075
81674029
15234806
48630257
35749208
05947382
63195478
62380951
93610842
67102549
14387569
15789302
93475810
45783690
58714239
09381574
76421035
97243806
64725301
32954670
56312784
63817254
59074238
31674082
01284796
68957041
41280675
68275094
46218579
86049253
35497681
59706423
27314680
24318097
74198630
47301926
32716590
28613570
79354062
84195362
96537814
26157034
43602158
13485620
14702698
46827915
27143589
69025183
31926704
53706491
36958072
29674013
47135296
06851329
18627953
26981075
48051627
69871534
73142908
84360512
08536794
16039425
49025683
12354687
36759042
30874652
40736521
47381569
12046587
04635198
79324601
05824169
20538647
29746185
49517260
64120873
12678439
46910872
39025481
12437986
78021345
72106835
21894306
73092548
71549328
14695327
85749263
60372481
70893516
93286540
47931825
07412698
59820471
51093284
87169305
45961873
74902165
19726085
51478306
79804215
43078251
74631852
07325149
07398261
40156728
42367180
41027593
18093645
25483170
19268047
93286150
31462509
68530142
04931527
14976352
10975632
21936850
90176583
05896243
90861325
61720389
98504612
21357486
90628135
97016453
60895237
09842356
06572483
45609283
76508291
75016284
09143876
98260154
92054731
90835427
59103724
34017596
56870124
63748521
02751948
50719364
39485012
75823960
38970461
37162849
57861092
03685472
68732491
06842513
76142830
25873149
89067523
61534708
85401279
27349610
08791364
56403892
30764921
96407152
45079821
90367214
04832796
79621580
96270534
15429730
41796350
45908316
19568034
94021675
65831079
90612837
89457306
03289745
03972658
53817620
28514069
10236459
49320871
16094782
02534987
04375169
68719523
62593874
60978134
16428709
21789056
01572436
73612584
36251978
34628109
51938706
31659740
23951608
37518906
63701428
86037419
72815439
41265903
35689720
36514082
95476201
73591604
51647932
42581790
71428603
76495312
41063795
52976103
48671290
43150679
16305297
02341865
06371825
53106972
08573612
40691782
70132958
75063894
60271359
03587692
03541269
05149762
94732610
85320461
70312895
67495381
18376952
35418629
27350846
91802475
31548697
52491086
25189764
40768312
10784623
52714369
95417632
87506321
92563174
10375294
07943186
21670394
09264135
52063974
49035618
97420613
91357482
25194863
97251368
96287150
41268790
08613524
04657312
25803974
02459371
91708534
28603749
46920815
37495062
31579026
32195840
24873916
56193470
58307126
08435261
57403198
98763524
27850146
63784029
56937408
91348275
40625318
39627104
63419750
60354921
89047652
94510723
59716480
64078513
36508129
76452893
19764832
56107483
10529834
34791802
51268479
23079684
09132478
78643591
25846719
65983721
51942360
76893420
38156094
59260834
02865947
34576098
20978361
53204687
38479521
17426039
53176284
81347260
27189640
87059162
17065432
26503174
45871930
82745906
32108465
84513296
36249071
25108736
32105874
28139405
34625917
27194685
56497382
36210549
31574026
82935047
94306127
46730952
87210436
54281630
35824610
79182035
49572308
60915374
42915386
79546830
69702413
78032961
39274160
03786149
37680914
56078142
70541938
39567210
01824935
18572406
05469871
73895261
46875390
95028314
07638214
97834126
69823045
14390862
46701285
51683249
56079481
07214958
24705986
90738524
52104986
97104862
14607359
58936247
04186527
65740183
96248573
74596138
94862135
73164290
67412839
70623495
68701245
36084197
38476291
93421576
52849761
39162054
58432167
83690742
26018973
72654091
97605841
12467390
45716328
79801345
90854621
90714865
15987362
67189523
19257046
21845769
62504831
96271348
17906523
52039741
68754391
02193756
91264358
72308964
24597360
87132546
17362054
60829753
93520874
40875621
27308491
65894301
27681495
34509681
80156372
90872351
76392150
08641573
31295670
58104369
45136890
28469503
59427083
31459870
50287496
04859132
78316524
01739425
47035986
57014638
43107625
52679830
74918356
05178239
69401832
34159268
50618734
61394752
17238495
86549271
63749051
53076421
54183069
90315267
98635042
49170268
35072194
76235019
98015237
60914325
27096148
54802176
05923468
19406285
89437051
67254831
91374682
69421057
81635294
31957840
59041367
94832517
69407328
93108627
58917026
04967238
46128305
02745368
85392074
92508743
64892513
28793415
26851739
13492086
78290415
37465190
58140963
68413920
39504861
93157286
04612397
29435761
51972340
42618973
98217560
87341065
45320679
08172369
96874235
17386259
15478309
90168543
15043897
60453879
26908541
13458907
78154903
03821956
96173580
13298574
56902783
81275609
61257930
56394780
79516023
72109563
08123947
20634157
24715368
81643209
50486217
76293501
49385712
90741632
90167358
42839651
04852173
09768354
24935716
07623945
84792615
60532479
59403821
60489371
29578461
83740561
46073592
74189605
49286503
87960214
80247691
71203568
64108753
25481760
75413098
07841392
89134275
89207416
87093526
68120375
02745391
18034769
17890452
56874231
94510387
32790651
03257681
39071486
81926473
45386209
19265478
41629057
19725863
50986472
09218463
48102567
43081972
78531602
34615972
85210943
25480196
91564078
32814956
58264731
84391075
01538467
72143089
91028743
96713284
54098261
31208469
10528497
57640918
76913502
59632817
27501834
42108796
78196340
17594602
03814297
87619534
14967580
48619523
40519287
62843971
41658739
86591730
98314752
17895460
07392514
48275936
61729408
74296130
31052698
52314786
73816029
87593260
28437905
90632487
02197645
95182034
47150862
16287540
51890472
72093458
15276980
14592087
91732864
30415296
51328706
63792850
75068142
64052183
87012659
94710685
81937054
23184679
05813279
37291608
62049587
79483052
42196057
90721543
35761480
06935814
68125937
84156230
59327146
04365981
42713086
93607142
21790345
91736540
43769125
29305814
35681204
43157680
91450237
05796821
15684793
01248953
91268345
53941768
21835746
21783645
59782413
73894065
40569728
96425783
02495168
30471268
12473905
68471209
02814637
39761402
71902346
76930452
03581796
61259043
74916830
50874136
29453718
84539721
39147608
43602159
32816749
97853612
15064397
07621548
72105946
52034761
69705421
48721560
71456902
91348205
07613984
75812463
41708536
37019864
84391265
67940123
96571428
29458107
35817296
86207513
71352468
27851639
43726081
74189623
42538091
04753698
47965013
47928301
32405861
29580471
61049758
73624981
74839652
15743026
76349025
60548217
21836950
05739684
36824709
69702518
27513849
32756084
59824370
53172694
80359124
89561370
40798516
85793201
87349205
64581237
93647120
62153907
58296470
50629147
59304721
54923018
83621745
63102497
83974052
98760521
93207186
89324751
49672508
43106957
20875396
36192804
90546127
52764031
54910832
84029653
74831259
64325917
94085326
59234768
56321904
25087941
16793058
06215984
02438976
65903814
10245978
12567980
60294571
16094587
63290154
45629180
79356480
42785130
19783602
50392814
34851692
38579126
50862174
87601934
68129374
04257186
03576281
27803146
71529360
76804215
14306592
68395217
37421689
76358294
81392075
49276813
19087423
42139658
37569024
15348296
97618540
60382459
31904568
32168475
37290518
73504921
90753164
42176830
81765429
16359407
24738650
89764023
82905173
95762048
61984207
42193780
59647312
61350972
46812905
58146327
04372516
47920816
72561308
15386207
32760958
01945863
06432751
17592836
08745269
28901374
70896431
89072651
87546023
32709158
75368290
16503248
95267481
47239801
82640975
53476129
69231857
60319245
92156487
84516920
54217086
96753104
27046853
46370289
89540162
70258169
50712648
96871530
29564307
83574016
81796253
75903462
12537648
01375849
35402917
50642389
58016972
65097148
29173485
57632890
63751289
07682531
63095428
58920413
49830726
72059834
30962571
04917268
03975264
14908237
68147923
01234857
17624503
87021935
03592174
64531082
31894065
25481036
31758042
93516204
68597134
42317805
85094321
10294657
26780159
89604213
37984206
16287590
39584061
10782935
29468017
35264807
71230659
05683249
51394706
05418367
58709312
93145682
65419072
92861435
51860372
23749015
81549623
16258073
41062395
72608134
27150436
74935186
39675028
12957603
98734210
19875360
98670243
19264735
71039456
07825136
21306457
10629458
94153028
62495837
87504231
91354768
85729146
07435198
38127549
28569170
58260931
92186705
94763085
75926034
52318460
90475218
96752380
32658174
64018972
83759260
90218675
64208359
92168307
21487069
69572184
61054729
26478935
69824107
60849315
81629704
41893520
01893625
98671520
95467802
16074823
01258649
53812690
68751092
65783912
07653298
70412596
29640587
95467301
91483652
45187023
17863402
48503219
80291374
06295178
82970651
75342891
72509418
75041238
89702163
23841067
75824609
14503798
21947568
07938246
91672048
52048731
93672548
07126489
17428635
27914053
35467902
40539826
03157296
26395071
87910536
14075362
85172493
51437890
58739602
49075182
65271904
64153097
95076841
48035162
67503124
63087492
14586320
03927465
45729368
70543619
73295461
95142637
10249873
45972801
82451973
03847519
08159243
61750432
76345802
27981304
85439716
30971682
97604132
86735249
15038742
31084257
67081594
14736890
83142570
18625034
12467509
89761524
54137689
84169532
51602384
71894630
92631548
48023571
72439816
67351829
10928374
65083917
89023564
90136857
46197205
12947350
27896315
05836742
81370564
65893107
35724069
57324609
91056438
01629843
21358970
65801243
63124705
20587134
70862439
64109235
57803642
53472061
83601752
74259013
34970186
06917245
64108395
35082917
29134608
48612579
17850632
31627408
58076342
24309517
46793852
19564302
98023764
53162048
27349580
07154326
98156237
69587124
38527964
39074158
13285094
59671384
96840753
73621508
80263741
34896205
68207941
26807913
16548723
27509418
45076931
70932581
86543290
70516489
43197620
89064527
20937586
72956134
64901527
94107532
56918734
62573401
38021674
40861293
32146809
86370915
64159307
83619502
38716042
52068973
92018537
57346890
57903481
81735960
51890346
14860359
52719364
25187409
02763154
21496870
94706521
62174359
94783015
97365024
05718369
59782031
63580174
56471239
07629431
24013687
37281459
16805324
34926708
61324598
70251468
95640217
05819463
10894365
68253107
74183952
81027964
49251680
40923758
82190753
83415096
82759164
35960814
75863249
30745829
73104592
24568309
25340718
86751302
50187632
60259784
09217364
07198642
73102856
05638421
49037126
80475126
83079524
94637581
51869320
85634729
54302167
40381796
01549386
12946830
42183695
87953641
69042738
41867092
65982430
98230746
84053219
81739604
24358069
65082739
72018645
18925437
73824190
60359824
31748029
07359146
23861705
36974285
15974063
39218407
67538294
48503726
64153829
63029715
92034758
47903685
59346072
63571290
62980517
54378219
72051643
85943102
12650349
04398657
59762108
12385469
10572634
38041796
51479638
51976248
38476129
25684971
96783504
59214063
90846251
73920561
12576983
72549160
84659732
15649270
64301287
83270694
90743265
13874026
70421358
68403912
42197035
95423768
41928756
69815324
72063954
12530698
58420136
47639021
36781520
94082756
47086139
26978453
87234901
34879502
61902853
67359814
42618539
67580239
94016728
69013527
06791382
67528109
30752846
70935421
52860931
64029581
24037596
87926310
56390481
04751328
46901273
91483205
89603517
15634870
46281753
38079641
91254786
42609873
07685241
84176325
94526173
05261948
24915706
97560428
75120634
38647912
39714820
60957148
41563987
75048319
30498517
46902817
14097523
82567930
98603415
78425106
20187935
94235186
56024783
94530128
45713286
50832147
21583064
49361257
63129507
48367201
62708195
67489351
50637248
34187596
02614593
92380451
13745890
24810375
10297586
17204859
81370265
41926053
80194326
71893502
13967820
54827309
97213608
53182749
95017463
20489137
19278564
92615370
38246509
90547863
78329450
92365704
61358409
67483921
36481902
57314902
65437819
70584613
29470368
25687901
86750924
41376028
78651932
04263987
71458320
72834951
24983150
86152734
02581763
79130256
56021934
57389012
10842579
21856739
14739526
78652419
07423196
93482165
12567439
51609287
01452678
70198253
49210675
64897210
94785320
58240769
17380625
62158093
78439250
43165289
04137269
38752409
92756314
87954263
10392576
86321759
81902634
79563208
78952014
90581637
03594761
91706532
38945167
87496251
68742953
81305942
87462509
03218675
50397641
12458376
21430798
04627193
31249780
65903428
64237591
90376148
04731826
14605283
92318657
05274369
65273904
29536718
15940782
12853794
41720563
65120387
07453196
14627835
51348296
41385920
56329704
19582703
64532719
08426537
97836215
21740893
30172698
82061394
79263148
95473261
01392857
40936827
48976251
42915708
61572493
06178349
81360294
09683457
10264395
06813497
58012764
18605947
83651092
30217954
60491875
12368594
21865097
43596287
19652348
80291453
24517639
08145672
16427053
41873069
76053498
49527801
15867924
07895613
41736290
38247691
49561730
08267549
73648150
12346570
29358741
42073568
75964312
38076129
34029586
29165843
60983751
59217438
67340159
12756340
98053247
01576823
24530687
18632975
45719806
47358290
25069487
86421095
16937054
73648912
07256943
14625803
58497361
05274938
61503927
40278136
98276035
53478260
28561937
48253067
34518076
46810279
51792403
85124697
04251789
47083521
81096735
61038597
52796480
83519472
15490872
28973160
69405827
02869157
75940618
89106724
32798461
12605937
10254863
79045361
52901634
09875632
19685432
83905267
61753204
40678153
30648729
97384205
31697820
42709156
46857029
05986213
51409687
47310562
35768210
51674082
53814092
71923805
64921750
80321594
59027631
05872419
26431085
61230498
62180937
08453671
03956412
40751392
57398614
02178369
49328506
82710346
16928573
39147025
65071349
82534190
52049361
56982704
60894372
38472651
39682107
47320589
75928041
36485209
14530278
31495827
92753680
59160278
85631294
37429108
75089612
84609725
71826493
36279805
87359126
23471986
07125843
27364098
31759486
61807452
73918602
73902564
53862190
58634201
29173068
43581297
05316284
68327945
17098543
84297601
71654839
91025683
04756219
20398164
28536047
95483076
49312057
61328940
91280563
47518396
59304871
46728903
27849135
36582407
76890152
01738542
38517942
40923185
92187604
26349758
20875146
39850726
07365148
98261073
43829507
74805936
94270581
69051724
73691420
96137824
40981763
04596731
16972435
53128690
74630289
76152498
67250193
32689071
19463872
24657103
64102359
85396402
15267389
37915406
56791430
40316958
65413092
43826715
06741382
75314826
72480593
87429351
86790543
09435786
94208513
61390482
60358497
92178405
19563842
65012934
86051432
47360819
37682541
93201745
19427538
08465291
13254698
37864291
46590831
81256749
85267394
30971846
21594608
93602154
43058162
04875216
58127046
23619470
58319407
91280576
34206715
35074629
85497016
94385720
89672134
73815604
59076418
03987561
41793680
53081729
84531976
06285971
17064923
26745130
04863921
28093467
69481520
81547920
98426530
67428590
21647958
62380547
96304571
95468127
75319284
69245381
48653102
15249680
84506237
96571238
07128596
31470859
24306589
29564138
10379428
45683012
23975486
30426718
74359601
53864179
13056894
38402971
57291830
87103269
15980724
58476930
98517602
39852607
30854796
03625918
85629407
38245709
49723681
26470158
27536104
02653194
35081246
45972061
43802615
15394807
82465701
28964507
52937014
26104975
47023891
95312604
09318564
38056427
39605241
72059684
26435170
31069478
47219065
52937410
46812907
82904361
97148562
41209375
65240817
54809312
01847369
47026951
17380942
62317845
28741596
23174950
40256371
36847019
53129847
21978045
84275936
31950426
95340862
41653920
69254871
85497126
65329780
30759824
14359807
02841369
94758301
98465302
27013495
73180264
98167235
69584370
91237458
34960158
62035871
24971568
30498671
43021569
73062851
86302947
30584619
68517394
74153209
19380674
36041892
30956471
07632945
35679481
07856914
79163502
48379562
61285043
75093128
78135694
61935872
06924837
74896510
30425719
41270896
15862074
02694357
78954360
62107895
95086137
50698431
41957203
53140726
39865410
03479128
43198605
13907528
43809251
85731092
79851620
78392451
17265430
59603178
19380624
04857293
28903651
10536482
80924376
84376150
74650283
41785320
16350278
49368512
91473625
65741902
91304526
68520713
85307619
80479153
41753609
13258647
35941820
60894175
46593187
03549786
08517462
36481792
70491856
93512064
53701462
31406829
14082957
54179628
90561837
28534196
76021395
45762031
14790538
89034715
50678149
80432756
68219435
65214897
82073459
97802415
19487023
90627543
39648507
18305492
15823906
09163847
67238540
89372106
34289016
75381026
81735629
87543260
04136278
98154063
48216503
37648021
65743012
83490672
96801542
45987163
51469783
13869057
83502467
61958470
31670582
21953047
02981645
70421638
26704395
28051467
01728345
71504839
06381472
50137489
70251643
41389576
49625873
93854267
07421953
40583619
65791308
57048123
74185023
93820145
71508649
40379165
26481593
21358796
14250763
91842530
52130869
07486953
24567180
30618257
43082765
98740165
76982043
16945372
73196504
40369128
30915864
01258736
52169407
69125438
78026135
84753926
04682795
49378150
79531602
24796583
04159273
30964285
54683079
07614893
19673528
03461295
36859702
09671483
92348760
93140567
40629137
75164298
56049738
09732465
68027915
67139285
40791523
24390671
58926314
81759603
61423759
06482593
29081536
15026789
36291850
13654287
09358176
72436095
92057384
04687215
10934785
61943870
39214507
25840317
87216549
30781495
04219583
12543086
79586304
87924031
42106593
46278310
26794108
01684379
49857630
71402958
43682107
52093467
67492308
78052369
73520169
92845103
47295361
35946720
82560417
45178069
93582467
78429065
89462307
28457319
34805917
65273901
10973862
08294365
24135709
94306157
61548970
40529367
64397810
03987154
41807526
21450693
13450829
35680471
84701235
39584201
26907583
34129087
62973408
34561897
13604587
07385691
34976812
91326785
86901532
51287940
73986120
37592640
15027893
94857312
56481237
98354120
38725106
52367089
15470893
06478591
13960754
47230915
53892467
78093624
34798621
18624305
64971280
78410265
01597823
24365701
04327869
13409276
89067324
14523609
19468720
35412867
68297415
13047658
75049216
03784269
37208596
21709643
35798614
25063814
13647520
95608372
07953241
34712658
37084296
90371584
72834910
36107258
87192430
27930165
75248916
03652849
71938240
21874953
25931708
61340859
07932485
36952084
74853019
56189372
30967245
87412350
71594680
56419037
19847305
20365874
76921483
05176924
36071598
78435619
65043921
16982573
49153826
06873219
54721809
19386527
14975830
18374596
17390628
87312954
29875346
96803742
45061392
25413078
38504291
10735892
19087425
30541628
93021657
75829631
85643021
87310264
41586720
12578409
85763241
23061758
13598247
78419302
56942183
32476915
16042593
69854317
67903528
24719650
72503846
36081274
70951248
14620539
90528716
81674290
56970821
57231946
18709623
21468530
92031467
53296187
73982654
98352601
26974053
10873926
59026837
97563408
73590168
79583204
57093486
56091738
20893647
17035462
62704581
70612435
61970852
32947185
47251968
87319425
05473826
48375960
63824075
64870591
94507813
96137284
84097152
47390251
15892607
17645928
67129304
81697034
98076235
43510789
68721409
91638507
81632754
74938156
51394607
38946271
43607592
07935842
35418620
28641905
71846095
60897431
81693475
93021485
70645192
23140987
92107384
34672508
61985372
35982671
12759348
53410697
97821403
72510936
95287034
84621395
78409512
90214536
37465091
84705213
53807162
17653208
01836259
86435079
94287301
50642738
96752341
41689230
75429318
91628043
72134695
23891706
49713028
37610854
65287413
84701239
34065912
01283695
30869271
82450973
79461305
46382509
93452180
24850963
81279305
13458702
53217946
32658194
16280793
30698157
08542396
87059361
73840592
86017245
73460598
02916478
05361287
53920817
58432179
15824307
16935420
30875691
20935417
02675431
49132806
87652934
68395041
08963514
78465213
98576123
94052678
54287139
40261735
95781420
04978356
31065748
53792086
51732968
05763918
59271803
01394265
35016279
30591468
48506179
59461723
63980745
49603251
61725430
51498302
82190534
06372185
84631902
42158603
81204573
21690374
95018746
12075489
26730581
74629351
35762184
23061789
28049753
45987623
46130729
19543278
16092487
70942365
17829465
32679581
07958416
62197450
89127503
29705481
94031586
76410982
47150623
74912065
92184607
48356971
08642157
69048153
09563824
29375081
17204689
05847129
83214975
43680591
62815397
21798650
38749051
48903562
67258149
54293678
50684319
65792130
62704189
46983271
54023819
36875109
93016825
20697581
59471026
17896305
54610789
54678231
16380275
05687124
58192473
34806172
29354786
38697521
20596138
34508962
50627194
10692435
26815079
76520984
39814507
98216430
54960283
25036178
28950176
82069345
68370549
27863940
18670532
32016485
10745293
76210938
86570123
15467209
64837210
98034175
69317824
70894263
49768051
15234760
16097528
12349856
87294135
30871246
54209186
12864075
65170249
61892450
10729365
01467892
60219435
07289634
83502679
17582943
52817946
08946235
93465021
65893071
78390165
01679243
65231497
16372849
64923058
35071869
38942057
70685349
62793154
85637042
71523946
79308524
93275084
90836712
91078625
26703819
20915867
43728906
50268349
72196345
05718964
61348520
10264897
08473621
85104762
97218536
12360584
21658403
92051374
93802174
29065184
02165384
79831240
31286045
84791025
68742109
91278460
17280695
37209568
46285973
42793506
64859720
78021493
73598612
40263157
60195827
47230981
64921538
32894016
76841529
39804527
62795143
56728140
59814207
92481063
35416728
50479638
06943718
20871349
81372569
41259306
08924651
28340795
53729061
37614589
24683790
05487932
62901875
16230489
09615238
53701492
54290863
61905842
49028716
21783950
10348275
54086973
97034285
41967523
75684123
79805246
73906251
12495368
75316098
73260918
89721306
50179268
21647039
30456871
23048579
57861023
32590684
79816523
93258016
52481673
89705463
20513867
21609734
52079431
40695271
78043256
89273601
23704951
39781260
13689470
68301524
78092146
50346981
85920361
71256308
78206315
90712653
82631945
12573069
03481925
92341567
78125439
28750493
54236918
43819760
81043526
18976342
53067812
54792106
45678912
69410837
94530621
85314290
38216790
79126084
83217650
65372049
23680957
98043176
49605283
60873415
50624198
29346587
54370182
04528379
91602534
68341052
01637852
47925380
62350479
46073219
16082579
24678391
67091452
95710864
29618703
24716508
05961324
41925730
51469730
68240195
63219784
73842950
31709546
61984702
08465217
81459360
45781906
03849712
30265971
41893057
50419863
92140873
39256704
53921067
27803594
67493510
41830796
25481037
85762039
39570182
81629704
39470681
34956017
05287641
60853249
59280746
94516703
97342605
02671483
56082193
31742809
36819047
19562807
32467958
47125603
39627841
86127934
30896124
36945170
47503682
48719520
62198475
14297806
67892045
43295071
21047396
93684157
06572931
19302876
91042586
82957613
52683970
14706853
37956180
89562137
57219836
37104529
74980312
04326178
96213074
02185634
67150438
74632519
52943871
05684273
48612537
94361085
61032985
61580239
31867290
24357891
95487162
71938260
08653927
67059183
36948270
98264105
86251970
07134896
31956207
87623541
32469051
17462503
30456129
27543809
46398521
19487530
31648920
73264195
70954132
56089241
51648370
02897435
81349562
54138092
20741569
34570862
23640751
95324801
86149325
78063129
47961320
06415273
71095846
86134920
36504198
21803965
41850296
89531674
25801396
36281490
75963482
49325076
59630784
57283946
65970231
60128945
94816023
94736810
18975436
28493756
70642981
18574620
57843026
07981635
08914275
91526870
71368490
07285316
10796382
83912407
16850723
87954620
29561438
09862435
98560132
40286915
83175049
94021376
27058913
17029436
16298503
12893470
84367012
53627194
89712045
02913654
91345270
59807361
30894761
01453726
17450683
36279054
69173450
25104873
20698134
59610723
34682170
64712830
61958430
20964358
20165937
87635249
49013582
27964130
49507263
63509142
76189305
54391706
39586042
48172593
90623417
80672591
02861375
19364207
05687394
63124980
28576431
02937815
95627814
05328147
74861350
06389725
23857419
62193780
16094328
82169430
01754938
91628534
14953680
25490178
87523914
61972385
73512948
19208536
72184906
52307819
28061473
49732180
28579043
68934527
32768501
85013627
25196847
38921647
27186053
98364072
95371086
16903824
60571938
31784956
61250943
69374081
06241879
06793825
36408259
85079341
40592137
42780159
25084637
53901467
39641072
64853029
06972514
96738045
47013895
67840129
31826705
28156074
63742598
43162075
45802369
48970653
21406875
89527613
72048659
04782163
79108346
73645189
06379251
13240859
95284710
50893164
94153807
02518649
71850942
67398401
18694753
59261704
59276318
89205467
35917486
90356417
19038467
14923758
83145609
18450396
49105278
37081429
08357412
20478135
73298651
08463125
17693580
24019635
71924385
40725819
81324650
30184652
53704928
37126408
16439570
80314297
52943618
42509631
65918374
94172850
61352084
69234857
92135864
57829304
17249568
80529417
72365910
68134509
03275814
42791865
32659187
17635490
27580319
09416875
42107865
41097683
61249530
69341085
30891562
21096845
12690834
76814532
95274180
85239147
64157982
42178309
92736184
82954163
18760925
63401958
28096743
54287630
96701253
17865349
75069823
05317842
85613970
32814065
51068927
41369785
02978653
58729310
85401297
40961523
62518439
14789203
35047691
58291730
24130859
67498025
24705813
43859601
81579623
48509632
79812506
30725918
91387056
72436509
75914380
59342170
10263948
86975041
26748315
42761038
54726139
57184269
18073429
62573801
47190823
23958671
59708426
04968715
70285931
63291780
30792561
95630718
20571496
17328054
12785039
82015679
89641375
32015964
12758634
50649712
51637890
56813274
14027893
97081346
50418963
02815347
96284307
10794568
61527984
89705641
07368512
31728904
10974283
05486912
13268470
95721308
71852360
69523807
43960218
31652947
03782146
86945270
54873629
38091672
17304568
05634982
08451762
46190382
90726135
16359724
20461389
36457802
16954302
86351942
83219750
67348251
85406321
45130786
20158967
63104572
56892014
72548901
53946218
57912380
27135648
40198657
23046598
38079521
36915847
59286701
84792013
25341786
42857391
38256479
86247051
87312054
23578619
21045938
07841635
68732041
82395146
59182470
12830974
23956870
58297360
16489725
61534928
83017429
50293874
94871205
14702598
64809157
14695703
59128647
78054261
79051648
31469057
80713625
81572306
93657102
18472695
87965430
04983625
13805967
92516470
45671082
68143957
65247091
08263975
04319658
84095371
36459781
42180957
19742058
36270489
45163209
39860174
58167342
53608192
96318274
38764129
60471893
80563274
20154368
19627845
98634072
67589014
93780642
83796240
84920567
15367240
92536841
40715983
45138076
45029718
20431678
52746081
84670532
89376250
05617348
86534712
72653849
18924705
40836975
27486153
59701832
57831426
74036295
43621970
28705316
15623794
02637149
08517246
98234560
64203579
89235401
09482361
58149306
68250349
71689024
23687901
17683429
37651820
04873961
30768159
19574306
10267859
49361702
65208193
63298751
16954837
72094315
12039456
98136507
35219407
81297405
19340258
90754126
16485927
65340189
92567341
92645381
87290165
61584790
14086952
90258437
17360298
38246710
10835976
46520719
76032458
78045692
74259160
35907628
92630154
93807561
86592047
68219047
24139750
90315746
39284056
83124609
83092561
05417629
67852390
81659324
76149053
48750962
40967158
46290358
62457910
03798642
48109726
19786352
18609234
17302846
08976154
94783510
59183640
75468290
64207813
74031296
37826915
82175904
03648917
13095824
17643025
81067324
76932485
23968745
29581463
29867345
81435972
28653791
67301845
93452718
50728691
52198406
48320579
10249657
03245891
38261459
40965813
35679482
78945210
75342608
13846572
89431756
59643710
29830751
05782941
70695431
06459271
06831475
52641798
82041673
37204896
46907128
81503796
47981625
56013729
64590178
60218493
65189027
01235789
14893267
12789643
92186475
16809352
27695840
86902154
17340928
94760513
36871945
30912785
30549687
68920457
98123540
01687925
94658021
71358246
19852364
10348672
96502814
24768351
19304865
10438679
98510672
47219803
83706124
30974865
43027568
02468153
84793062
45260897
84962753
28567914
16945207
76910238
94310862
12964783
43625081
47593610
73894260
76280319
49678105
83971206
83542096
26901845
92460317
85390264
09473152
48130267
57948103
69314820
71238096
27830916
69784532
13642870
64350178
17349028
58793460
16085792
86071523
40793621
48962153
96482307
04823915
47561239
50643971
70841359
64079835
01753426
78693425
86154739
92370586
10387259
84923067
67083295
83924760
39671854
48523069
84096357
93842076
20896375
61405379
56873904
32860957
43982701
69784325
15837926
17435082
15390674
71865092
27591480
81037624
53716892
89402753
71905842
51463029
74309658
60915342
40369275
47582106
24357698
75901284
56483719
78015943
09568423
06853219
68719405
26973851
53402789
82350167
97285140
87613524
24869150
41308659
92068457
17694835
85123074
07195243
09163825
17893026
17685304
71362985
97530821
15043897
43890271
36804712
84952736
52398061
21986703
13640587
21584390
86750134
48635927
15740863
79860321
24796051
10896534
41837269
87140962
36971845
34156780
49782016
45768120
86574201
26845793
30918576
23564918
62784059
80763412
67834129
78345016
07458326
34620517
18034625
67123084
37920865
54097283
16852794
78409316
04679315
70329561
09542716
73169452
85497026
25316479
17420895
25703846
49361857
83695247
23014568
24093568
74856032
50689371
92487106
02786453
39876510
09145628
26395014
54037682
64897350
89301467
57296048
81097345
94516370
87310926
78564103
91430872
34165780
98524176
75091684
57193042
50319478
02698347
65192308
92034567
58209137
84721506
84732501
52478103
74920136
54296370
61329754
68017359
56982017
69301524
04123659
84975130
39154072
65024739
58324176
57630829
03719564
01829645
29486570
73641592
19375062
35214097
96257031
37564021
37549018
07456891
61759304
34017896
56403817
78256034
64792310
21830546
35082796
93746025
63920814
24056781
71036984
08291345
67543291
37189426
70693412
26034817
13087294
10562893
41586379
52314089
41268905
38195462
30248567
54603729
60721843
51432689
43026571
49012687
62730489
02364195
72653189
64813950
63205147
01926387
59824617
30568219
15748269
97541032
81967420
38012954
69273805
74265980
06179582
12036485
57249130
78453610
89576401
86302741
63845970
54872109
02467915
10568497
59017382
76095341
75208941
14380972
78056943
13987065
06517329
13079286
58340267
42513789
24578610
15367294
01492635
78190356
12683574
03598426
48193207
51632489
97168450
13205874
86792451
52310796
05263941
28754316
17269304
94072615
09176538
51287396
09872315
96384702
29086534
05498761
40395176
70264935
61052783
23706941
37945860
83476209
59382074
94807651
16038597
90345162
94756803
93548170
08341569
21394750
19327486
41275963
70514983
40623189
84731950
38104567
86701395
18753924
64210598
90148765
98067524
36190247
16952378
03579128
79403128
45186239
24597103
86109243
06932517
04613879
31562709
65974832
43719582
12359086
97032816
18029765
30615892
32796405
54906327
17903256
98120436
62385740
82465017
03284657
76304851
53274690
18725963
42803761
92530761
49210876
35129748
56321908
58427036
47052936
14573062
62907183
04973218
98675430
38965712
21706398
96024781
04251378
94150362
59682743
34217609
97301856
32184670
24316975
01945378
28765104
56129073
82647390
80263591
40627519
04517623
02753189
93718042
85267394
87520146
67104923
14790865
28403795
63978251
36925810
37905481
49267385
17059624
28397416
58263190
01824397
81290735
29658134
27493560
47256318
21957348
53682970
83765294
16283079
82701469
87496203
53249106
16509823
27859136
48305692
68094351
39506248
73829650
35290841
74068521
95604137
78293154
87906351
76149250
51903246
67420819
45876120
59384102
78914650
23406198
29503781
48629571
34186509
54962807
12980346
80613729
01983527
39172468
65724018
02954671
47136895
51340689
52346798
82567130
29354706
63408179
97543801
26907451
27908613
27148605
43176058
62908714
14295683
98607143
10352847
49367102
82190436
02146597
38605219
39874065
97308145
83927650
16074392
69127405
26514390
40923157
84291675
46397158
89462035
47601859
20891753
56384019
16073895
89725106
95378640
64510873
29417360
40782356
19578403
38704619
79435028
86305794
90521483
28410653
30819675
73426850
07918452
29835401
92638740
92614850
21563094
94283675
79204653
71532894
16438092
17408563
94765802
65924718
17584690
10935846
92105674
31254698
52763094
53948167
84795126
61204987
49380156
42163789
83542169
06274918
65908321
49731028
63479205
62850479
56490873
96024378
68954137
36975248
37892451
37802641
90361725
70915483
80239567
41238069
43925781
52897410
98054637
14879560
03175296
15863927
74056291
06351987
61580294
20869735
54906237
29531460
30954716
12470638
05478216
62109547
97584061
95873641
54802971
61897542
15987230
18097324
15260483
58347190
68423159
27849306
75209634
82570643
48579631
35162987
97134802
26943085
25104968
35769820
76518293
50341279
52483670
23748069
26840751
04972316
40352761
46710935
67185904
42817359
36982145
54928307
47698310
31825467
68125734
21543809
06187329
15208649
71560982
98605713
52406873
29384067
21439607
04135697
59721486
73156098
56914028
04765928
68572301
73856241
95614207
74632901
70589362
30912475
10269845
38096745
06752193
05621739
60817253
63845097
34907152
57493861
23694081
62548790
02645813
94153827
85239671
02867195
31674205
97368401
85729130
31240657
01629845
05136879
58240791
14680392
15026973
12948736
19385472
98176453
28971506
92083745
61283794
04352681
03946852
18609742
41206873
78035912
02768541
43961287
17409263
94163725
73562094
68254319
52481607
39568120
06593714
74105832
27146853
58392741
12546807
09651784
42705986
15094327
40356298
23984657
59648271
75089361
23856079
86204391
46739210
43820765
17459320
49153867
90285143
25869174
75914302
91760324
18276403
28753196
32084915
30827549
82710634
39154807
75863210
26348950
91452037
63179452
80536129
01435872
23178065
17289536
26051438
42759806
03189542
69524718
20943857
07546821
83529170
93147285
26051398
39204578
75146890
46709258
36807594
26031485
56471902
96537081
71940325
98403765
32068574
03794816
42107563
24736159
86104925
40961723
20195476
54208176
13520789
86395402
58940367
74356210
49051763
01953482
49732658
61489270
34071682
64892530
52980371
10452793
93074826
84092367
76958413
06328751
41830529
94865173
93647518
73916820
63159042
50149287
10763459
70348952
59423681
96217534
02487693
46025783
80972164
14705692
36542879
52730189
63891054
01683497
18037649
25346017
31609752
61954283
23198567
17354068
76593824
15730942
19504736
61389275
39582760
93468205
83206419
95468173
59372684
69827514
10578426
14269578
10275346
60385714
07512483
26930817
25498107
69307185
94530128
04687591
89435276
52961078
45976123
69207145
38241905
98351467
42608957
79263541
06975483
20851743
09435768
36418250
58940137
70843695
93786514
02785396
81963570
20591876
06342185
89042167
40179823
86530472
23614580
92571643
74281536
27045691
36204958
01487395
62014573
73894250
02641839
63479518
25690438
61845239
59763204
93612807
76048932
93068154
86903147
29548673
84935671
91347065
93451862
21846509
85239741
54683072
84351267
65287943
76018394
04327169
49350178
96187023
68942053
36194078
72084695
47251890
70521639
92658703
03648597
53012647
82543761
62480195
85679413
40259731
50312948
34679021
40318792
30986214
86305142
71950486
08639742
53417829
41250987
04187956
90824715
95671240
13462587
82954716
14732598
89045317
48617295
94107852
05173498
94036521
07431682
07693218
62039814
26517093
82769401
96753408
76829104
74293160
68570423
76814295
83492015
12360985
84539017
94587021
35287691
16457903
40152369
47520963
16253049
01862359
78269310
17690834
23819674
69032154
58360279
95867340
82301947
78195304
30612874
79163084
41025867
64839071
15698037
37945182
10267358
12036457
49075368
75261394
65194830
10745832
46015892
07382496
96274038
72864051
52381046
43905287
79045126
50782143
09358621
79520384
02619758
92037456
71689230
13762405
85419620
57689310
70429568
67829315
35970418
13065429
67012594
63541098
48126590
48753091
20647358
85702416
21307689
12064973
36701249
61802973
25380741
41569078
17930265
92304658
75903641
62034197
29365084
27835160
23149705
01346752
03745981
05126873
41589623
24683951
98372416
43089675
35017846
87435621
64570328
59628031
59428176
15843962
36790251
37528196
04721583
07582194
92768031
04253168
95061384
61540238
54610937
05841963
41932756
32458019
09516382
19873260
85376402
12473968
52917340
49082163
27813056
36409512
56279031
34967125
65391427
25976813
78032956
37290816
52148936
28916435
27480196
72136504
70348269
32578901
94178026
81375492
42083796
04136572
36475210
87129043
47059328
95231476
64192508
48301267
35412689
98703645
58369724
68345107
16053827
96403572
70326184
25467831
67534208
54809631
57931864
46137829
74695213
58973140
46750931
49257386
38052974
59210783
74829610
59703126
86305947
49356027
17892560
82943170
25706934
76023491
57289310
62103495
94508267
36259784
54739082
04572391
96435072
60732819
09378261
37609184
17603984
16578290
03642157
47106985
49756281
19250683
82015943
43027851
50761394
98203615
25491037
69703124
20478315
10548963
60831249
82913047
27635109
93157648
04781632
09367248
18956234
92136854
84057219
43015289
08253719
19578620
62017538
03158427
08732169
72518940
84569271
16528347
45920768
78542930
98230567
63941752
64150839
49371052
30942186
25730194
15297684
26340157
89017324
20749631
83092546
19542087
07923816
67512398
35607129
84690537
71064923
83609715
83419720
20568943
95264803
80327695
09761354
87029451
56239470
49578310
71435208
05839471
82765139
04698257
10938527
84506973
67582941
53786140
16752048
16529740
42350968
85043691
14809736
08937562
38429075
04539827
08694375
30128546
70216483
41609735
75146839
74318295
05749386
58637410
70865194
80631942
81450632
78694521
52649173
97406251
06319528
08567492
92607154
03467815
91508743
20839476
87219350
70583921
19253768
38950764
36420519
47980516
05692874
92086351
61203594
78960531
71036429
97863420
31984250
41625870
34567291
57601342
35072986
42380561
03951687
48579260
97203518
16870429
63471829
38492651
76809512
28039156
36410792
03795618
61254837
46905382
38416275
57264018
05237419
80326597
24105876
21945038
06489732
79041586
95617824
45397621
01527438
59320746
64983571
01532849
40856729
24137680
03785941
60789325
28394516
14062598
98407623
19086572
21706385
64701859
64290187
05721894
83457260
35081496
48269350
60781325
24895713
24976805
76105894
49761802
04921758
52416739
04963512
67815024
54260187
62475913
46720913
65482017
87154602
96073518
70534162
86145039
85679312
03681942
59274306
78641320
05728639
12936870
93052871
24759601
60574239
52730648
63892470
94215063
04396752
94765082
83065791
78126304
53291608
80269314
57463019
24135798
40985621
56341870
84075916
98163754
27531896
81794530
69301742
08342591
25314096
14209857
34726951
26870143
82450913
35896470
12536048
25609178
57263840
76205483
86024731
96847520
29875361
32481057
15364028
21354907
08245376
12937480
69235147
04531267
43578290
70164985
61850947
67314250
28970134
04351726
59768132
50172896
75896301
15802769
10926547
48619035
57032198
98536214
56091247
95614738
50372196
08726495
61843257
05629487
82613549
18497362
19543720
90571428
60532749
37254186
53604921
62571340
40758631
62183950
58146392
12594736
63982415
24650739
67850214
17805396
65879124
61759402
29368104
82793654
26945073
64958213
20961748
89421536
27360148
48367901
81406357
86134957
42061537
43582760
64839570
92351678
27896140
23486791
61574832
72960415
69407823
56871294
62937851
68509237
60532198
34865092
98761340
23708146
27695034
37562014
38025674
70613984
54760321
58134926
34761590
96204318
50243716
64239105
65947083
03961257
23706581
41602738
79051324
14807693
94752860
05789124
80346217
69108732
07425169
27930418
37150426
42897351
89617253
95730281
74250638
61745890
12759840
51970283
58369740
80679123
72913065
95643827
38746905
01632847
93214708
41730869
68347952
93462571
73204619
14360957
69852341
39768451
68309521
63205489
07934251
43271908
59172364
26508439
12869074
01845397
82734690
61235709
81934702
09876354
92614058
93014628
83246051
59423716
02193564
51493728
41975036
20931675
42831609
34198605
63972048
46273519
72914380
97380465
48539167
45329078
14786293
49621073
69208315
03195628
38267905
43529817
63249571
57021439
92871435
74951832
59382716
53916402
25081796
29847610
25439071
75943182
91320478
27498513
81459376
04627385
43576209
81047296
34671205
14568093
97514680
70816534
40358726
72164089
94762801
84903562
96375210
15897263
18476293
76283591
40312756
15864920
42359167
37926814
45721968
40875291
62937408
57913860
43957620
94527038
93452801
46980273
96851074
39185276
57320968
04915738
20458796
10265489
01746592
68207439
90357621
73021456
08359271
73540281
62781903
94783120
41357286
29583701
49513276
87561930
56780341
89310764
70243568
91482560
36492805
15032689
97051382
18357642
50618249
30718296
49538160
64192803
24358679
23651408
78015269
53820469
41758960
45198723
09842713
17298605
62957813
48016592
28035746
36985740
50962183
75382609
89752403
37961458
56147930
80976134
19027856
42083761
61548379
16453897
09186542
80495367
51478203
76085243
07482913
25073468
08394526
60732491
51438027
28671504
36057812
04658397
86059341
71246908
74905613
18347502
39251748
59248703
85163274
48016537
40957136
26091745
36210579
23648179
26179405
52691403
89416032
81672049
96058143
12037859
52019784
37468520
78025641
69785142
76438025
93076184
82397506
83574019
87359642
54093827
34562791
62350487
82475360
72408635
83204976
62541930
16749025
43690521
90578324
23461078
84203517
61807532
25437016
72541386
09213784
39016745
42059138
30186275
18053924
89364520
30752618
16874250
80751964
98473160
45618907
30298475
48032179
83541297
78453620
60715428
19078452
32160549
65287193
67405283
04175268
69248130
93851074
38640752
45621078
06749512
70358241
86924703
42351896
45738296
02958713
65204891
60235918
28147936
89703416
40758291
45182963
93412805
34891672
03182697
75892143
90512687
48732691
38459721
58247601
57918023
41032579
38764015
02765198
40138576
16927830
21460953
08714253
68137492
06971342
83904165
71268543
28013965
57238016
46795038
27085364
71802453
67425819
26498730
10796354
42360578
07251649
87926514
28649730
84173209
51270389
14957832
74631802
94207685
41692783
03248195
37506418
24108653
39860452
18432560
06293481
70518934
43950827
84619025
34257698
43172059
68579240
15684970
35176948
68419053
32051489
47639082
61792453
42635819
56428371
94381657
27895143
43098762
05814372
98561037
89217536
74601893
97158023
09187356
45732081
92813074
53901762
05368194
32765084
04582396
36074598
57082639
83612590
05864731
48372590
65429078
87245396
82674309
21473859
75649013
57092384
63941508
84923506
60932178
89014375
50892634
35278196
86370194
84163705
01329675
29780165
49831605
48076239
27356981
02195847
92708513
92750461
92340615
69813742
80417356
50267839
90473812
19438256
98726314
24861097
75648932
48312079
17326490
29043568
51089743
12836947
13520984
98506473
20348576
31928406
80176235
85207634
83769142
94876203
60897241
13094625
92436701
61304798
46728519
45072163
26709845
85142093
90648325
47298651
06789124
14026735
82051793
32891506
05813976
53720186
64738109
13058926
27501489
68045791
45921837
74023596
16329475
87254193
07249613
01768243
48653190
95087234
51042938
53279140
54760932
17586243
53748219
17894532
03518742
62913748
72349816
93625048
25016793
37496821
52673908
84237590
12857469
42078193
37814652
95163084
90381427
85096174
73415902
82493607
17960342
83720649
53641892
54097183
10428395
86430579
43159860
31859067
23469571
06149752
06459782
56074189
52673409
61987320
13708265
27413658
26971350
28041397
60134729
23670948
38962405
29084735
67428095
59731602
80125793
35418296
70592831
14358072
14685239
08945612
12358967
13905472
43268709
59210786
53167942
14072983
72963148
06842359
64982507
49612837
40953167
78435601
76930241
07394682
07865234
74809532
43816702
54972610
31084257
04867912
26398470
71830265
32108467
51926837
96325780
61792508
21098754
20653749
30592417
24953768
85423106
02167843
16253098
02861975
34921705
02516743
87294560